Pre P 0
 0.000113588
 1.63436e-06
-4.61707e-05
Pre V 0
 0.0454364
0.00065376
-0.0184687
Pre R 0
           1 -0.000387454  8.72623e-05
 0.000387453            1  1.04886e-05
-8.72663e-05 -1.04548e-05            1
Pre Cov 0
 1.24988e-13            0            0  4.99963e-11            0            0            0            0            0
           0  1.24988e-13            0            0  4.99963e-11            0            0            0            0
           0            0  1.24988e-13            0            0  4.99963e-11            0            0            0
 4.99963e-11            0            0   1.9999e-08            0            0            0            0            0
           0  4.99963e-11            0            0   1.9999e-08            0            0            0            0
           0            0  4.99963e-11            0            0   1.9999e-08            0            0            0
           0            0            0            0            0            0  1.43949e-10 -1.09618e-20 -4.86705e-20
           0            0            0            0            0            0 -1.09618e-20  1.43949e-10  4.05588e-19
           0            0            0            0            0            0 -4.86705e-20  4.05588e-19  1.43949e-10
Pre P jacobian gyr 0
0 0 0
0 0 0
0 0 0
Pre P jacobian acc 0
-1.24994e-05            0            0
           0 -1.24994e-05            0
           0            0 -1.24994e-05
Pre V jacobian gyr 0
0 0 0
0 0 0
0 0 0
Pre V jacobian acc 0
-0.00499988           0           0
          0 -0.00499988           0
          0           0 -0.00499988
Pre Rot jacobian acc 0
 -0.00499988 -9.68609e-07  2.18159e-07
  9.6861e-07  -0.00499988  2.61505e-08
-2.18152e-07 -2.62068e-08  -0.00499988
Pre P 1
 0.000454267
 6.47909e-06
-0.000184701
Pre V 1
 0.0908322
0.00128409
-0.0369423
Pre R 1
           1 -0.000778418  0.000184999
 0.000778414            1  1.75271e-05
-0.000185012 -1.73831e-05            1
Pre Cov 1
 1.24997e-12 -2.57448e-20   7.5453e-19  1.99997e-10 -1.02977e-17  3.01805e-16 -5.13316e-18  -6.6483e-15 -2.26959e-16
-2.57448e-20  1.24997e-12  1.04767e-20 -1.02977e-17  1.99998e-10  4.19059e-18  6.64528e-15  -5.4591e-18  1.63383e-14
  7.5453e-19  1.04767e-20  1.24997e-12  3.01805e-16  4.19059e-18  1.99998e-10  2.14125e-16 -1.63373e-14 -2.44422e-19
 1.99997e-10 -1.02977e-17  3.01805e-16        4e-08 -4.11899e-15  1.20719e-13 -2.05322e-15 -2.65926e-12 -9.07816e-14
-1.02977e-17  1.99998e-10  4.19059e-18 -4.11899e-15  4.00003e-08   1.6762e-15  2.65805e-12 -2.18359e-15  6.53519e-12
 3.01805e-16  4.19059e-18  1.99998e-10  1.20719e-13   1.6762e-15  4.00002e-08  8.56482e-14 -6.53477e-12 -9.77667e-17
-5.13316e-18  6.64528e-15  2.14125e-16 -2.05322e-15  2.65805e-12  8.56482e-14  2.87912e-10 -1.91523e-20 -8.14335e-20
 -6.6483e-15  -5.4591e-18 -1.63373e-14 -2.65926e-12 -2.18359e-15 -6.53477e-12 -1.91523e-20  2.87912e-10  8.64032e-19
-2.26959e-16  1.63383e-14 -2.44422e-19 -9.07816e-14  6.53519e-12 -9.77667e-17 -8.14335e-20  8.64032e-19  2.87912e-10
Pre P jacobian gyr 1
 4.43914e-11  2.30919e-07  7.88026e-09
-2.30895e-07  4.77032e-11 -5.67457e-07
-7.76912e-09  5.67448e-07  2.63049e-12
Pre P jacobian acc 1
-4.99999e-05   4.8434e-09 -1.09083e-09
-4.84338e-09 -4.99999e-05 -1.31114e-10
 1.09088e-09  1.30691e-10 -4.99999e-05
Pre V jacobian gyr 1
 1.77562e-08  9.23656e-05  3.15203e-06
-9.23557e-05  1.90808e-08 -0.000226977
-3.10758e-06  0.000226974  1.05217e-09
Pre V jacobian acc 1
 -0.00999999  1.93731e-06 -4.36321e-07
-1.93731e-06  -0.00999999 -5.24443e-08
 4.36342e-07  5.22752e-08  -0.00999999
Pre Rot jacobian acc 1
 -0.00999999  -3.9008e-06  9.51227e-07
 3.90081e-06  -0.00999999  7.82984e-08
-9.51185e-07 -7.87895e-08  -0.00999999
Pre P 2
  0.00102141
 1.48256e-05
-0.000415307
Pre V 2
  0.136022
0.00205446
-0.0552977
Pre R 2
    0.999999  -0.00115193  0.000268766
  0.00115192     0.999999  2.80801e-05
-0.000268799 -2.77705e-05            1
Pre Cov 2
 4.37505e-12 -4.65628e-19  1.27858e-17  4.50006e-10 -9.92895e-17  2.70364e-15 -3.78624e-17  -3.3157e-14 -1.23597e-15
-4.65628e-19  4.37508e-12  1.89379e-19 -1.03959e-16  4.50012e-10  4.22789e-17  3.31351e-14 -4.04587e-17  8.15475e-14
 1.27858e-17  1.89379e-19  4.37507e-12  2.70252e-15  4.03631e-17  4.50011e-10  1.14111e-15 -8.15399e-14 -1.95791e-18
 4.50006e-10 -1.03959e-16  2.70252e-15  6.00011e-08 -2.32764e-14  5.99651e-13 -9.06686e-15   -7.944e-12 -3.12758e-13
-9.92895e-17  4.50012e-10  4.03631e-17 -2.32764e-14  6.00026e-08  9.46152e-15  7.93875e-12 -9.69366e-15  1.95474e-11
 2.70364e-15  4.22789e-17  4.50011e-10  5.99651e-13  9.46152e-15  6.00023e-08   2.9002e-13 -1.95456e-11 -4.64893e-16
-3.78624e-17  3.31351e-14  1.14111e-15 -9.06686e-15  7.93875e-12   2.9002e-13  4.31876e-10  -2.9673e-20 -1.28341e-19
 -3.3157e-14 -4.04587e-17 -8.15399e-14   -7.944e-12 -9.69366e-15 -1.95456e-11  -2.9673e-20  4.31876e-10  1.23943e-18
-1.23597e-15  8.15475e-14 -1.95791e-18 -3.12758e-13  1.95474e-11 -4.64893e-16 -1.28341e-19  1.23943e-18  4.31876e-10
Pre P jacobian gyr 2
 3.09648e-10  1.15165e-06  4.29049e-08
-1.15148e-06  3.32134e-10 -2.83217e-06
-4.21284e-08  2.83211e-06  1.70322e-11
Pre P jacobian acc 2
-0.000112502  2.42609e-08 -5.58508e-09
-2.42608e-08 -0.000112502  -6.1244e-10
  5.5854e-09  6.09372e-10 -0.000112502
Pre V jacobian gyr 2
  8.8344e-08  0.000275919  1.08575e-05
-0.000275869  9.46888e-08 -0.000678887
-1.06358e-05   0.00067887   4.7084e-09
Pre V jacobian acc 2
  -0.0150001  5.82949e-06 -1.36134e-06
-5.82947e-06   -0.0150001 -1.40082e-07
 1.36142e-06  1.39193e-07   -0.0150001
Pre Rot jacobian acc 2
  -0.0150001 -8.56967e-06   1.9985e-06
  8.5697e-06   -0.0150001  2.08664e-07
-1.99835e-06 -2.10202e-07   -0.0150001
Pre P 3
  0.00181487
 2.67592e-05
-0.000737785
Pre V 3
   0.18137
0.00271909
-0.0736969
Pre R 3
    0.999999  -0.00154288  0.000373465
  0.00154286     0.999999  4.21835e-05
-0.000373529 -4.16073e-05            1
Pre Cov 3
 1.04999e-11  -2.7601e-18   7.3566e-17  8.00002e-10 -4.07557e-16  1.08066e-14 -1.41774e-16 -9.27408e-14 -3.51916e-15
 -2.7601e-18  1.05001e-11  1.12188e-18 -4.07454e-16  8.00029e-10  1.65599e-16  9.26557e-14 -1.52583e-16  2.28259e-13
  7.3566e-17  1.12188e-18  1.05001e-11  1.08005e-14  1.65547e-16  8.00024e-10  3.16313e-15 -2.28229e-13 -8.31514e-18
 8.00002e-10 -4.07454e-16  1.08005e-14  8.00005e-08 -6.34567e-14  1.67987e-12 -2.42924e-14 -1.58901e-11 -6.00242e-13
-4.07557e-16  8.00029e-10  1.65547e-16 -6.34567e-14  8.00047e-08   2.5773e-14  1.58755e-11 -2.61446e-14  3.91363e-11
 1.08066e-14  1.65599e-16  8.00024e-10  1.67987e-12   2.5773e-14   8.0004e-08  5.39198e-13 -3.91313e-11 -1.42685e-15
-1.41774e-16  9.26557e-14  3.16313e-15 -2.42924e-14  1.58755e-11  5.39198e-13  5.75825e-10 -4.72277e-20 -1.93891e-19
-9.27408e-14 -1.52583e-16 -2.28229e-13 -1.58901e-11 -2.61446e-14 -3.91313e-11 -4.72277e-20  5.75825e-10   1.7305e-18
-3.51916e-15  2.28259e-13 -8.31514e-18 -6.00242e-13  3.91363e-11 -1.42685e-15 -1.93891e-19   1.7305e-18  5.75825e-10
Pre P jacobian gyr 3
 1.14858e-09  3.22117e-06  1.22124e-07
-3.22052e-06  1.22982e-09 -7.92717e-06
-1.19242e-07  7.92695e-06  6.10301e-11
Pre P jacobian acc 3
     -0.0002   6.7806e-08  -1.5751e-08
-6.78057e-08      -0.0002 -1.66382e-09
 1.57522e-08  1.65243e-09      -0.0002
Pre V jacobian gyr 3
 2.47237e-07  0.000551909  2.08309e-05
-0.000551767  2.64396e-07  -0.00135916
-2.02104e-05   0.00135911  1.28912e-08
Pre V jacobian acc 3
       -0.02   1.1589e-05 -2.70514e-06
-1.15889e-05        -0.02 -2.80479e-07
 2.70538e-06  2.78042e-07        -0.02
Pre Rot jacobian acc 3
       -0.02 -1.54112e-05  3.83119e-06
 1.54113e-05        -0.02  4.51882e-07
-3.83074e-06 -4.55781e-07        -0.02
Pre P 4
 0.00283517
4.21618e-05
-0.00115258
Pre V 4
  0.226758
0.00344211
-0.0922235
Pre R 4
    0.999998  -0.00193732  0.000478163
  0.00193729     0.999998  5.28374e-05
-0.000478265  -5.1911e-05            1
Pre Cov 4
 2.06247e-11 -1.00446e-17  2.65789e-16     1.25e-09 -1.13841e-15  3.00438e-14 -3.81636e-16 -1.98859e-13 -7.56435e-15
-1.00446e-17  2.06253e-11  4.08295e-18 -1.14647e-15  1.25007e-09  4.66009e-16  1.98625e-13 -4.10647e-16  4.89303e-13
 2.65789e-16  4.08295e-18  2.06252e-11  3.00659e-14  4.63076e-16  1.25006e-09  6.60609e-15 -4.89221e-13 -2.22379e-17
    1.25e-09 -1.14647e-15  3.00659e-14        1e-07 -1.37858e-13  3.61024e-12 -5.09652e-14 -2.65581e-11 -1.01731e-12
-1.13841e-15  1.25007e-09  4.63076e-16 -1.37858e-13  1.00009e-07  5.60831e-14   2.6527e-11 -5.48395e-14  6.52783e-11
 3.00438e-14  4.66009e-16  1.25006e-09  3.61024e-12  5.60831e-14  1.00008e-07  8.89463e-13 -6.52675e-11 -2.96289e-15
-3.81636e-16  1.98625e-13  6.60609e-15 -5.09652e-14   2.6527e-11  8.89463e-13  7.19774e-10  -6.0397e-20 -2.43504e-19
-1.98859e-13 -4.10647e-16 -4.89221e-13 -2.65581e-11 -5.48395e-14 -6.52675e-11  -6.0397e-20  7.19774e-10  2.22597e-18
-7.56435e-15  4.89303e-13 -2.22379e-17 -1.01731e-12  6.52783e-11 -2.96289e-15 -2.43504e-19  2.22597e-18  7.19774e-10
Pre P jacobian gyr 4
 3.09354e-09  6.90696e-06  2.62444e-07
-6.90517e-06  3.31053e-09 -1.69923e-05
-2.54688e-07  1.69917e-05  1.62691e-10
Pre P jacobian acc 4
-0.000312496  1.45035e-07 -3.39444e-08
-1.45034e-07 -0.000312496 -3.59344e-09
 3.39476e-08  3.56267e-09 -0.000312496
Pre V jacobian gyr 4
 5.30769e-07   0.00092244  3.52984e-05
-0.000922133  5.67905e-07  -0.00226698
-3.39696e-05   0.00226688  2.77742e-08
Pre V jacobian acc 4
  -0.0249998  1.93032e-05 -4.57241e-06
 -1.9303e-05   -0.0249998 -4.91391e-07
 4.57298e-06  4.86073e-07   -0.0249999
Pre Rot jacobian acc 4
  -0.0249998 -2.42859e-05  6.18754e-06
 2.42861e-05   -0.0249998  6.85536e-07
-6.18666e-06 -6.93455e-07   -0.0249999
Pre P 5
 0.00408215
 6.0509e-05
-0.00165993
Pre V 5
 0.272023
0.0038966
-0.110715
Pre R 5
    0.999997  -0.00233526  0.000586376
  0.00233523     0.999997  5.30686e-05
-0.000586498 -5.16991e-05            1
Pre Cov 5
 3.57501e-11 -2.73648e-17  7.35604e-16  1.80002e-09 -2.51075e-15  6.76312e-14 -8.44302e-16 -3.64927e-13 -1.34707e-14
-2.73648e-17  3.57519e-11  1.11293e-17 -2.35842e-15  1.80019e-09  9.59252e-16  3.64401e-13 -8.98574e-16  8.97211e-13
 7.35604e-16  1.11293e-17  3.57516e-11  6.77097e-14  1.02241e-15  1.80016e-09  1.13566e-14 -8.97026e-13 -3.97175e-17
 1.80002e-09 -2.35842e-15  6.77097e-14  1.20002e-07 -2.28314e-13  6.62172e-12 -9.23127e-14 -3.98676e-11 -1.34515e-12
-2.51075e-15  1.80019e-09  1.02241e-15 -2.28314e-13  1.20019e-07   9.2988e-14  3.98103e-11 -9.81599e-14  9.78699e-11
 6.76312e-14  9.59252e-16  1.80016e-09  6.62172e-12   9.2988e-14  1.20016e-07  1.11454e-12 -9.78494e-11 -4.40535e-15
-8.44302e-16  3.64401e-13  1.13566e-14 -9.23127e-14  3.98103e-11  1.11454e-12  8.63737e-10 -6.04204e-20 -2.43592e-19
-3.64927e-13 -8.98574e-16 -8.97026e-13 -3.98676e-11 -9.81599e-14 -9.78494e-11 -6.04204e-20  8.63737e-10  2.74268e-18
-1.34707e-14  8.97211e-13 -3.97175e-17 -1.34515e-12  9.78699e-11 -4.40535e-15 -2.43592e-19  2.74268e-18  8.63737e-10
Pre P jacobian gyr 5
 6.85716e-09   1.2675e-05  4.67375e-07
 -1.2671e-05  7.33609e-09 -3.11569e-05
-4.50214e-07  3.11555e-05   3.6556e-10
Pre P jacobian acc 5
-0.000449999   2.6577e-07 -6.27843e-08
-2.65768e-07 -0.000449999 -6.71095e-09
 6.27917e-08  6.64201e-09 -0.000449999
Pre V jacobian gyr 5
 9.74642e-07   0.00138472  4.66721e-05
 -0.00138415  1.04228e-06  -0.00339872
-4.42389e-05   0.00339851  5.33716e-08
Pre V jacobian acc 5
  -0.0299999    2.899e-05 -6.96328e-06
-2.89897e-05        -0.03 -7.55584e-07
 6.96436e-06  7.45634e-07        -0.03
Pre Rot jacobian acc 5
  -0.0299999 -3.52292e-05  9.16365e-06
 3.52295e-05   -0.0299999  6.82499e-07
 -9.1625e-06 -6.96657e-07        -0.03
Pre P 6
 0.00555597
8.19922e-05
-0.00225935
Pre V 6
   0.31749
0.00469648
 -0.129048
Pre R 6
    0.999996  -0.00270528  0.000701552
  0.00270524     0.999996  6.03404e-05
-0.000701713 -5.84423e-05            1
Pre Cov 6
  5.6876e-11 -6.26801e-17  1.71005e-15  2.45006e-09 -4.84347e-15  1.32681e-13 -1.61822e-15 -6.03856e-13 -2.19304e-14
-6.26801e-17  5.68802e-11  2.54945e-17 -4.84004e-15  2.45039e-09  1.96878e-15  6.02816e-13 -1.72036e-15  1.48485e-12
 1.71005e-15  2.54945e-17  5.68795e-11  1.32564e-13  1.96846e-15  2.45033e-09  1.78781e-14 -1.48448e-12 -7.42153e-17
 2.45006e-09 -4.84004e-15  1.32564e-13  1.40005e-07 -3.99056e-13  1.09481e-11 -1.49262e-13 -5.57023e-11 -2.03729e-12
-4.84347e-15  2.45039e-09  1.96846e-15 -3.99056e-13  1.40032e-07  1.62165e-13  5.56062e-11 -1.58704e-13  1.37157e-10
 1.32681e-13  1.96878e-15  2.45033e-09  1.09481e-11  1.62165e-13  1.40028e-07  1.66298e-12 -1.37123e-10 -6.84726e-15
-1.61822e-15  6.02816e-13  1.78781e-14 -1.49262e-13  5.56062e-11  1.66298e-12   1.0077e-09 -7.01288e-20 -2.74824e-19
-6.03856e-13 -1.72036e-15 -1.48448e-12 -5.57023e-11 -1.58704e-13 -1.37123e-10 -7.01288e-20   1.0077e-09  3.25405e-18
-2.19304e-14  1.48485e-12 -7.42153e-17 -2.03729e-12  1.37157e-10 -6.84726e-15 -2.74824e-19  3.25405e-18   1.0077e-09
Pre P jacobian gyr 6
 1.33099e-08  2.09737e-05  7.60774e-07
 -2.0966e-05  1.42434e-08 -5.15613e-05
-7.27447e-07  5.15586e-05  7.16525e-10
Pre P jacobian acc 6
-0.000612503  4.39915e-07 -1.04932e-07
-4.39912e-07 -0.000612503 -1.11523e-08
 1.04946e-07  1.10165e-08 -0.000612503
Pre V jacobian gyr 6
 1.60639e-06    0.0019347   7.0685e-05
 -0.00193375  1.72057e-06  -0.00476288
-6.66519e-05   0.00476255   8.7011e-08
Pre V jacobian acc 6
      -0.035  4.06665e-05 -9.89523e-06
-4.06661e-05   -0.0350001 -1.02093e-06
 9.89692e-06  1.00414e-06   -0.0350001
Pre Rot jacobian acc 6
      -0.035 -4.72547e-05  1.29078e-05
 4.72552e-05       -0.035  9.05332e-07
 -1.2906e-05 -9.28288e-07   -0.0350001
Pre P 7
 0.00725663
0.000106697
-0.00295052
Pre V 7
  0.36279
0.0051857
-0.147426
Pre R 7
    0.999995  -0.00310671    0.0008132
  0.00310664     0.999995  7.81177e-05
-0.000813438  -7.5591e-05            1
Pre Cov 7
  8.5001e-11 -1.27497e-16   3.5148e-15  3.20009e-09 -8.51468e-15  2.35788e-13 -2.85794e-15 -9.28656e-13 -3.33683e-14
-1.27497e-16  8.50097e-11   5.1843e-17 -8.18303e-15  3.20067e-09  3.32735e-15  9.26801e-13 -3.05774e-15  2.28487e-12
  3.5148e-15   5.1843e-17  8.50082e-11  2.35589e-13   3.4593e-15  3.20057e-09  2.61996e-14 -2.28421e-12 -1.51361e-16
 3.20009e-09 -8.18303e-15  2.35589e-13  1.60007e-07 -5.80605e-13  1.68303e-11 -2.28526e-13 -7.42215e-11 -2.53271e-12
-8.51468e-15  3.20067e-09   3.4593e-15 -5.80605e-13  1.60048e-07  2.35855e-13   7.4073e-11 -2.44401e-13  1.82827e-10
 2.35788e-13  3.32735e-15  3.20057e-09  1.68303e-11  2.35855e-13  1.60041e-07  1.95911e-12 -1.82774e-10  -1.2223e-14
-2.85794e-15  9.26801e-13  2.61996e-14 -2.28526e-13   7.4073e-11  1.95911e-12  1.15165e-09 -9.35333e-20 -3.58961e-19
-9.28656e-13 -3.05774e-15 -2.28421e-12 -7.42215e-11 -2.44401e-13 -1.82774e-10 -9.35333e-20  1.15165e-09  3.79181e-18
-3.33683e-14  2.28487e-12 -1.51361e-16 -2.53271e-12  1.82827e-10  -1.2223e-14 -3.58961e-19  3.79181e-18  1.15165e-09
Pre P jacobian gyr 7
 2.35065e-08   3.2255e-05  1.15705e-06
-3.22412e-05  2.51554e-08 -7.93393e-05
-1.09813e-06  7.93345e-05  1.27001e-09
Pre P jacobian acc 7
-0.000799998  6.77057e-07 -1.63175e-07
-6.77051e-07 -0.000799998 -1.70111e-08
   1.632e-07  1.67676e-08 -0.000799998
Pre V jacobian gyr 7
 2.47234e-06   0.00257793  8.78291e-05
 -0.00257645  2.64434e-06  -0.00634858
-8.16259e-05   0.00634806  1.34388e-07
Pre V jacobian acc 7
  -0.0399999  5.41926e-05 -1.34029e-05
 -5.4192e-05   -0.0399999 -1.32263e-06
 1.34054e-05  1.29634e-06        -0.04
Pre Rot jacobian acc 7
  -0.0399999 -6.23076e-05  1.70969e-05
 6.23085e-05   -0.0399999  1.55381e-06
-1.70938e-05 -1.58887e-06        -0.04
Pre P 8
 0.00918469
0.000134815
  -0.003734
Pre V 8
  0.408454
0.00606165
 -0.165972
Pre R 8
    0.999994   -0.0034872  0.000900394
  0.00348711     0.999994  9.93488e-05
-0.000900735 -9.62083e-05            1
Pre Cov 8
 1.21126e-10 -2.38032e-16  6.59511e-15  4.05012e-09 -1.40304e-14  3.90203e-13 -4.67498e-15 -1.35315e-12 -4.85863e-14
-2.38032e-16  1.21142e-10  9.67643e-17 -1.42908e-14  4.05108e-09  5.80905e-15  1.35015e-12 -5.03905e-15  3.33061e-12
 6.59511e-15  9.67643e-17   1.2114e-10  3.89962e-13  5.69971e-15  4.05093e-09  3.68416e-14 -3.32954e-12 -2.87155e-16
 4.05012e-09 -1.42908e-14  3.89962e-13  1.80009e-07 -9.02152e-13  2.45847e-11 -3.30118e-13 -9.55806e-11 -3.54519e-12
-1.40304e-14  4.05108e-09  5.69971e-15 -9.02152e-13  1.80069e-07  3.66446e-13  9.53689e-11 -3.55954e-13  2.35441e-10
 3.90203e-13  5.80905e-15  4.05093e-09  2.45847e-11  3.66446e-13  1.80059e-07  2.71496e-12 -2.35366e-10 -2.01995e-14
-4.67498e-15  1.35015e-12  3.68416e-14 -3.30118e-13  9.53689e-11  2.71496e-12   1.2956e-09 -1.15403e-19  -4.5437e-19
-1.35315e-12 -5.03905e-15 -3.32954e-12 -9.55806e-11 -3.55954e-13 -2.35366e-10 -1.15403e-19   1.2956e-09  4.18994e-18
-4.85863e-14  3.33061e-12 -2.87155e-16 -3.54519e-12  2.35441e-10 -2.01995e-14  -4.5437e-19  4.18994e-18   1.2956e-09
Pre P jacobian gyr 8
 3.87068e-08   4.6999e-05  1.68385e-06
 -4.6976e-05  4.14191e-08 -0.000115648
-1.58677e-06   0.00011564   2.0814e-09
Pre P jacobian acc 8
 -0.00101249  9.86846e-07 -2.40353e-07
-9.86836e-07  -0.00101249 -2.46005e-08
 2.40393e-07   2.4194e-08  -0.00101249
Pre V jacobian gyr 8
 3.60795e-06    0.0033198  0.000122895
 -0.00331762  3.86132e-06  -0.00817543
-0.000113834   0.00817467  1.90176e-07
Pre V jacobian acc 8
  -0.0449998  6.97258e-05 -1.74688e-05
-6.97248e-05   -0.0449998 -1.71321e-06
 1.74725e-05  1.67429e-06   -0.0449998
Pre Rot jacobian acc 8
  -0.0449997 -7.84775e-05  2.08064e-05
 7.84789e-05   -0.0449997  2.43671e-06
 -2.0801e-05 -2.48509e-06   -0.0449998
Pre P 9
  0.0113402
0.000166331
-0.00460944
Pre V 9
  0.453711
0.00654461
 -0.184197
Pre R 9
    0.999992  -0.00388514  0.000991127
  0.00388504     0.999992  0.000106665
-0.000991534 -0.000102813            1
Pre Cov 9
 1.66254e-10 -4.15296e-16  1.15298e-14  5.00023e-09 -2.18891e-14  6.09393e-13 -7.27603e-15 -1.89009e-12 -6.78967e-14
-4.15296e-16  1.66282e-10  1.68766e-16 -2.14489e-14  5.00173e-09  8.71528e-15  1.88548e-12  -7.8217e-15  4.65466e-12
 1.15298e-14  1.68766e-16  1.66278e-10  6.08497e-13  8.88109e-15  5.00148e-09  4.96183e-14 -4.65302e-12 -4.29208e-16
 5.00023e-09 -2.14489e-14  6.08497e-13  2.00014e-07 -1.20416e-12  3.42683e-11 -4.58943e-13 -1.19192e-10 -4.17414e-12
-2.18891e-14  5.00173e-09  8.88109e-15 -1.20416e-12  2.00098e-07  4.88448e-13  1.18901e-10 -4.93307e-13  2.94109e-10
 6.09393e-13  8.71528e-15  5.00148e-09  3.42683e-11  4.88448e-13  2.00084e-07  3.01923e-12 -2.94005e-10 -2.72349e-14
-7.27603e-15  1.88548e-12  4.96183e-14 -4.58943e-13  1.18901e-10  3.01923e-12  1.43956e-09 -1.22953e-19 -4.87505e-19
-1.89009e-12  -7.8217e-15 -4.65302e-12 -1.19192e-10 -4.93307e-13 -2.94005e-10 -1.22953e-19  1.43956e-09  4.62329e-18
-6.78967e-14  4.65466e-12 -4.29208e-16 -4.17414e-12  2.94109e-10 -2.72349e-14 -4.87505e-19  4.62329e-18  1.43956e-09
Pre P jacobian gyr 9
 6.02972e-08  6.56487e-05  2.35276e-06
-6.56125e-05  6.45168e-08 -0.000161619
-2.20142e-06  0.000161606  3.23042e-09
Pre P jacobian acc 9
    -0.00125  1.37907e-06 -3.38954e-07
-1.37906e-06     -0.00125 -3.44087e-08
 3.39017e-07  3.37682e-08     -0.00125
Pre V jacobian gyr 9
   5.028e-06   0.00413989  0.000144664
 -0.00413682  5.37757e-06   -0.0102124
-0.000132018    0.0102113  2.69421e-07
Pre V jacobian acc 9
  -0.0499998  8.71621e-05 -2.19709e-05
-8.71608e-05   -0.0499998 -2.20996e-06
 2.19763e-05  2.15534e-06   -0.0499999
Pre Rot jacobian acc 9
  -0.0499998 -9.73795e-05  2.51185e-05
 9.73813e-05   -0.0499998   2.7592e-06
-2.51114e-05 -2.82468e-06   -0.0499999
Pre P 10
  0.0137223
0.000201228
-0.00557643
Pre V 10
  0.499129
0.00741383
 -0.202589
Pre R 10
    0.99999 -0.00425517  0.00109231
 0.00425504    0.999991 0.000117549
-0.00109281  -0.0001129    0.999999
Pre Cov 10
 2.21383e-10 -6.85806e-16  1.90475e-14  6.05038e-09 -3.27105e-14  9.10174e-13 -1.07599e-14 -2.55225e-12  -9.1931e-14
-6.85806e-16   2.2143e-10  2.78578e-16 -3.34064e-14  6.05262e-09  1.35674e-14  2.54539e-12 -1.15701e-14  6.28902e-12
 1.90475e-14  2.78578e-16  2.21422e-10  9.08993e-13  1.32677e-14  6.05225e-09  6.48819e-14 -6.28656e-12 -6.38869e-16
 6.05038e-09 -3.34064e-14  9.08993e-13  2.20019e-07 -1.70553e-12  4.62913e-11 -6.13916e-13 -1.45668e-10 -5.42984e-12
-3.27105e-14  6.05262e-09  1.32677e-14 -1.70553e-12  2.20133e-07  6.91604e-13  1.45276e-10 -6.60421e-13  3.59531e-10
 9.10174e-13  1.35674e-14  6.05225e-09  4.62913e-11  6.91604e-13  2.20115e-07  3.88353e-12 -3.59391e-10 -3.63325e-14
-1.07599e-14  2.54539e-12  6.48819e-14 -6.13916e-13  1.45276e-10  3.88353e-12  1.58353e-09 -1.35699e-19 -5.34115e-19
-2.55225e-12 -1.15701e-14 -6.28656e-12 -1.45668e-10 -6.60421e-13 -3.59391e-10 -1.35699e-19  1.58353e-09  5.07266e-18
 -9.1931e-14  6.28902e-12 -6.38869e-16 -5.42984e-12  3.59531e-10 -3.63325e-14 -5.34115e-19  5.07266e-18  1.58353e-09
Pre P jacobian gyr 10
  8.9839e-08  8.86477e-05  3.18487e-06
-8.85934e-05  9.61337e-08  -0.00021836
-2.95917e-06  0.000218341  4.80561e-09
Pre P jacobian acc 10
  -0.0015125  1.86346e-06 -4.61201e-07
-1.86344e-06   -0.0015125 -4.67921e-08
 4.61296e-07  4.58304e-08   -0.0015125
Pre V jacobian gyr 10
 6.78845e-06    0.0050595  0.000188171
 -0.00505531  7.26888e-06   -0.0124837
-0.000171079    0.0124822  3.60643e-07
Pre V jacobian acc 10
  -0.0549999  0.000106588 -2.69266e-05
-0.000106586   -0.0549999  -2.7433e-06
 2.69341e-05  2.66942e-06   -0.0550001
Pre Rot jacobian acc 10
  -0.0549999 -0.000116805  3.04343e-05
 0.000116808   -0.0549999  3.29873e-06
-3.04249e-05 -3.38529e-06   -0.0550001
Pre P 11
  0.0163309
0.000240202
-0.00663544
Pre V 11
  0.544338
0.00817617
 -0.221025
Pre R 11
    0.999988   -0.0046566   0.00120044
  0.00465644     0.999989  0.000135484
 -0.00120106 -0.000129892     0.999999
Pre Cov 11
 2.87511e-10 -1.08818e-15  3.00519e-14  7.20051e-09 -4.74253e-14   1.3098e-12 -1.54696e-14 -3.35354e-12 -1.22166e-13
-1.08818e-15  2.87585e-10  4.41901e-16 -4.88441e-14  7.20374e-09  1.98314e-14  3.34364e-12 -1.66895e-14  8.26604e-12
 3.00519e-14  4.41901e-16  2.87573e-10  1.30923e-12  1.92472e-14  7.20321e-09  8.32388e-14 -8.26249e-12 -9.73286e-16
 7.20051e-09 -4.88441e-14  1.30923e-12  2.40024e-07 -2.27877e-12  6.08223e-11 -8.06294e-13 -1.74862e-10 -6.64359e-12
-4.74253e-14  7.20374e-09  1.92472e-14 -2.27877e-12  2.40174e-07  9.24702e-13  1.74345e-10  -8.7025e-13  4.31171e-10
  1.3098e-12  1.98314e-14  7.20321e-09  6.08223e-11  9.24702e-13  2.40149e-07  4.61308e-12 -4.30988e-10 -5.04428e-14
-1.54696e-14  3.34364e-12  8.32388e-14 -8.06294e-13  1.74345e-10  4.61308e-12  1.72747e-09 -1.58372e-19 -6.18258e-19
-3.35354e-12 -1.66895e-14 -8.26249e-12 -1.74862e-10  -8.7025e-13 -4.30988e-10 -1.58372e-19  1.72747e-09  5.59359e-18
-1.22166e-13  8.26604e-12 -9.73286e-16 -6.64359e-12  4.31171e-10 -5.04428e-14 -6.18258e-19  5.59359e-18  1.72747e-09
Pre P jacobian gyr 11
 1.29127e-07  0.000116479  4.23066e-06
-0.000116401  1.38214e-07 -0.000286995
-3.90612e-06  0.000286967   6.8955e-09
Pre P jacobian acc 11
 -0.00179999  2.44958e-06 -6.09484e-07
-2.44954e-06  -0.00179999 -6.19775e-08
 6.09622e-07  6.05883e-08      -0.0018
Pre V jacobian gyr 11
 8.92703e-06    0.0060735  0.000230155
 -0.00606798  9.56357e-06   -0.0149707
-0.000207708    0.0149688  4.75334e-07
Pre V jacobian acc 11
  -0.0599997  0.000127864 -3.23881e-05
-0.000127861   -0.0599998 -3.33103e-06
 3.23979e-05   3.2339e-06   -0.0599999
Pre Rot jacobian acc 11
  -0.0599997 -0.000139886  3.66577e-05
 0.000139889   -0.0599997  4.28883e-06
-3.66446e-05  -4.4027e-06   -0.0599999
Pre P 12
  0.0191659
0.000283749
-0.00778756
Pre V 12
  0.589706
0.00924306
 -0.239835
Pre R 12
   0.999986 -0.00505105  0.00130509
 0.00505086    0.999987 0.000149954
-0.00130583 -0.00014336    0.999999
Pre Cov 12
  3.6564e-10 -1.67235e-15  4.56458e-14  8.45069e-09 -6.72009e-14  1.82967e-12 -2.15566e-14 -4.30905e-12 -1.60064e-13
-1.67235e-15  3.65752e-10  6.79178e-16 -7.23111e-14  8.45519e-09  2.93634e-14  4.29521e-12  -2.3287e-14  1.06183e-11
 4.56458e-14  6.79178e-16  3.65734e-10  1.83278e-12  2.73355e-14  8.45445e-09  1.05813e-13 -1.06134e-11  -1.3834e-15
 8.45069e-09 -7.23111e-14  1.83278e-12   2.6003e-07 -3.12251e-12  7.83359e-11 -1.03628e-12 -2.07353e-10 -8.49402e-12
-6.72009e-14  8.45519e-09  2.73355e-14 -3.12251e-12  2.60223e-07  1.27045e-12  2.06689e-10 -1.12039e-12  5.09605e-10
 1.82967e-12  2.93634e-14  8.45445e-09  7.83359e-11  1.27045e-12  2.60191e-07  5.89024e-12 -5.09371e-10 -6.53335e-14
-2.15566e-14  4.29521e-12  1.05813e-13 -1.03628e-12  2.06689e-10  5.89024e-12  1.87142e-09 -1.75923e-19 -6.84387e-19
-4.30905e-12  -2.3287e-14 -1.06134e-11 -2.07353e-10 -1.12039e-12 -5.09371e-10 -1.75923e-19  1.87142e-09  6.08901e-18
-1.60064e-13  1.06183e-11  -1.3834e-15 -8.49402e-12  5.09605e-10 -6.53335e-14 -6.84387e-19  6.08901e-18  1.87142e-09
Pre P jacobian gyr 12
 1.80226e-07  0.000149668  5.54161e-06
-0.000149557  1.92994e-07 -0.000368653
-5.08884e-06  0.000368615  9.59392e-09
Pre P jacobian acc 12
 -0.00211248  3.14708e-06 -7.86425e-07
-3.14703e-06  -0.00211248 -8.03257e-08
  7.8662e-07   7.8381e-08  -0.00211249
Pre V jacobian gyr 12
 1.15132e-05   0.00720205  0.000294238
 -0.00719493   1.2349e-05   -0.0176935
-0.000265392     0.017691  6.04059e-07
Pre V jacobian acc 12
  -0.0649996  0.000151146 -3.83901e-05
-0.000151143   -0.0649996 -4.00843e-06
 3.84031e-05  3.88335e-06   -0.0649998
Pre Rot jacobian acc 12
  -0.0649995 -0.000164538  4.32044e-05
 0.000164542   -0.0649995  5.14573e-06
-4.31873e-05 -5.29126e-06   -0.0649998
Pre P 13
  0.0222278
0.000331963
-0.00903325
Pre V 13
 0.634956
0.0100411
-0.258405
Pre R 13
   0.999984 -0.00544902  0.00142024
  0.0054488    0.999985 0.000161031
-0.00142109 -0.00015329    0.999999
Pre Cov 13
  4.5678e-10 -2.49753e-15  6.71436e-14  9.80105e-09 -9.31282e-14  2.49086e-12 -2.93106e-14 -5.43276e-12 -2.06344e-13
-2.49753e-15  4.56945e-10  1.01466e-15 -9.95524e-14  9.80718e-09  4.04445e-14  5.41379e-12 -3.16535e-14   1.3379e-11
 6.71436e-14  1.01466e-15  4.56918e-10  2.49626e-12  3.79176e-14  9.80617e-09  1.32609e-13 -1.33722e-11 -1.86142e-15
 9.80105e-09 -9.95524e-14  2.49626e-12  2.80042e-07 -3.97948e-12  9.87499e-11 -1.30506e-12 -2.42105e-10 -9.99531e-12
-9.31282e-14  9.80718e-09  3.79176e-14 -3.97948e-12  2.80284e-07  1.62081e-12  2.41262e-10 -1.41032e-12  5.94359e-10
 2.49086e-12  4.04445e-14  9.80617e-09  9.87499e-11  1.62081e-12  2.80244e-07  6.71951e-12 -5.94061e-10 -8.15167e-14
-2.93106e-14  5.41379e-12  1.32609e-13 -1.30506e-12  2.41262e-10  6.71951e-12   2.0154e-09  -1.9047e-19 -7.34682e-19
-5.43276e-12 -3.16535e-14 -1.33722e-11 -2.42105e-10 -1.41032e-12 -5.94061e-10  -1.9047e-19   2.0154e-09  6.63909e-18
-2.06344e-13   1.3379e-11 -1.86142e-15 -9.99531e-12  5.94359e-10 -8.15167e-14 -7.34682e-19  6.63909e-18   2.0154e-09
Pre P jacobian gyr 13
 2.45317e-07  0.000188698  7.14279e-06
-0.000188548  2.62827e-07 -0.000464482
-6.52705e-06   0.00046443  1.30272e-08
Pre P jacobian acc 13
 -0.00245001  3.96601e-06 -9.94705e-07
-3.96595e-06  -0.00245001 -1.02244e-07
 9.94975e-07  9.95914e-08  -0.00245001
Pre V jacobian gyr 13
 1.45213e-05   0.00840913  0.000346189
 -0.00840012  1.55823e-05   -0.0206355
-0.000309851    0.0206324  7.69153e-07
Pre V jacobian acc 13
  -0.0699998  0.000176403 -4.49161e-05
-0.000176399   -0.0699999 -4.75825e-06
 4.49327e-05   4.6002e-06   -0.0700002
Pre Rot jacobian acc 13
  -0.0699998 -0.000191399  5.09826e-05
 0.000191405   -0.0699998  5.83392e-06
-5.09614e-05 -6.01864e-06   -0.0700001
Pre P 14
  0.0255159
0.000383697
 -0.0103717
Pre V 14
 0.680322
0.0106532
 -0.27698
Pre R 14
    0.999982  -0.00582952   0.00151436
  0.00582925     0.999983  0.000182506
  -0.0015154 -0.000173675     0.999999
Pre Cov 14
 5.61914e-10 -3.61469e-15  9.60701e-14  1.12514e-08 -1.25654e-13  3.31781e-12   -3.888e-14 -6.73682e-12 -2.59563e-13
-3.61469e-15  5.62151e-10  1.46914e-15 -1.30721e-13  1.12595e-08  5.31344e-14  6.71175e-12  -4.2151e-14    1.658e-11
 9.60701e-14  1.46914e-15  5.62112e-10  3.32523e-12  5.11902e-14  1.12582e-08  1.61739e-13 -1.65711e-11 -2.63294e-15
 1.12514e-08 -1.30721e-13  3.32523e-12   3.0005e-07 -4.85073e-12  1.22465e-10 -1.61258e-12 -2.79538e-10  -1.1241e-11
-1.25654e-13  1.12595e-08  5.11902e-14 -4.85073e-12  3.00351e-07  1.97685e-12  2.78501e-10 -1.74865e-12   6.8587e-10
 3.31781e-12  5.31344e-14  1.12582e-08  1.22465e-10  1.97685e-12  3.00301e-07  7.19413e-12 -6.85501e-10 -1.08155e-13
  -3.888e-14  6.71175e-12  1.61739e-13 -1.61258e-12  2.78501e-10  7.19413e-12  2.15935e-09 -2.14103e-19 -8.30145e-19
-6.73682e-12  -4.2151e-14 -1.65711e-11 -2.79538e-10 -1.74865e-12 -6.85501e-10 -2.14103e-19  2.15935e-09  7.06899e-18
-2.59563e-13    1.658e-11 -2.63294e-15  -1.1241e-11   6.8587e-10 -1.08155e-13 -8.30145e-19  7.06899e-18  2.15935e-09
Pre P jacobian gyr 14
 3.26671e-07  0.000233993  8.98105e-06
-0.000233792  3.50126e-07 -0.000575598
-8.16183e-06  0.000575529   1.7384e-08
Pre P jacobian acc 14
  -0.0028125  4.91612e-06 -1.23703e-06
-4.91602e-06   -0.0028125 -1.28047e-07
  1.2374e-06  1.24508e-07   -0.0028125
Pre V jacobian gyr 14
 1.80211e-05   0.00970931  0.000389132
 -0.00969811   1.9338e-05    -0.023812
-0.000344078    0.0238081  9.73605e-07
Pre V jacobian acc 14
  -0.0749996  0.000203647 -5.20171e-05
-0.000203642   -0.0749997 -5.56339e-06
  5.2038e-05  5.36663e-06       -0.075
Pre Rot jacobian acc 14
  -0.0749996 -0.000218983  5.78179e-05
  0.00021899   -0.0749996  7.33164e-06
-5.77899e-05 -7.55636e-06       -0.075
Pre P 15
  0.0290306
0.000439247
 -0.0118026
Pre V 15
 0.725563
0.0115675
-0.295394
Pre R 15
    0.999979  -0.00622746   0.00162246
  0.00622714     0.999981  0.000200611
 -0.00162368 -0.000190503     0.999999
Pre Cov 15
 6.82052e-10 -5.09961e-15  1.34198e-13  1.28017e-08 -1.65915e-13  4.33419e-12 -5.07565e-14 -8.23386e-12 -3.20869e-13
-5.09961e-15  6.82382e-10  2.07346e-15 -1.74746e-13  1.28124e-08   7.1062e-14  8.20104e-12 -5.51333e-14  2.02545e-11
 1.34198e-13  2.07346e-15  6.82327e-10  4.34189e-12  6.75916e-14  1.28106e-08  1.93166e-13 -2.02428e-11 -3.54275e-15
 1.28017e-08 -1.74746e-13  4.34189e-12   3.2006e-07   -6.073e-12  1.49533e-10 -1.96701e-12   -3.193e-10 -1.32283e-11
-1.65915e-13  1.28124e-08  6.75916e-14   -6.073e-12  3.20427e-07  2.47486e-12  3.18031e-10 -2.13767e-12  7.83654e-10
 4.33419e-12   7.1062e-14  1.28106e-08  1.49533e-10  2.47486e-12  3.20366e-07   8.2873e-12 -7.83204e-10  -1.3575e-13
-5.07565e-14  8.20104e-12  1.93166e-13 -1.96701e-12  3.18031e-10   8.2873e-12   2.3033e-09 -2.36783e-19 -9.13585e-19
-8.23386e-12 -5.51333e-14 -2.02428e-11   -3.193e-10 -2.13767e-12 -7.83204e-10 -2.36783e-19   2.3033e-09  7.58538e-18
-3.20869e-13  2.02545e-11 -3.54275e-15 -1.32283e-11  7.83654e-10  -1.3575e-13 -9.13585e-19  7.58538e-18   2.3033e-09
Pre P jacobian gyr 15
 4.26692e-07  0.000285991  1.10984e-05
-0.000285728  4.57516e-07  -0.00070314
-1.00289e-05  0.000703049  2.28051e-08
Pre P jacobian acc 15
 -0.00319998  6.00719e-06 -1.51604e-06
-6.00707e-06  -0.00319998 -1.58145e-07
 1.51652e-06  1.53511e-07  -0.00319999
Pre V jacobian gyr 15
 2.19884e-05    0.0110904  0.000457816
  -0.0110767   2.3619e-05   -0.0272061
-0.000402778    0.0272014   1.1949e-06
Pre V jacobian acc 15
  -0.0799994  0.000232794 -5.95887e-05
-0.000232788   -0.0799995  -6.4759e-06
 5.96148e-05  6.23499e-06   -0.0799999
Pre Rot jacobian acc 15
  -0.0799994 -0.000249821  6.62072e-05
  0.00024983   -0.0799994  8.65957e-06
-6.61718e-05 -8.93429e-06   -0.0799999
Pre P 16
  0.0327718
0.000499109
 -0.0133262
Pre V 16
 0.770965
0.0123779
 -0.31406
Pre R 16
    0.999977  -0.00661844   0.00173398
  0.00661806     0.999978  0.000229252
 -0.00173546 -0.000217771     0.999998
Pre Cov 16
 8.18193e-10 -7.04786e-15  1.83571e-13  1.44522e-08 -2.15559e-13  5.56959e-12 -6.50943e-14 -9.93775e-12 -3.91982e-13
-7.04786e-15  8.18644e-10  2.86668e-15 -2.26393e-13  1.44659e-08  9.21039e-14  9.89545e-12  -7.1092e-14  2.44354e-11
 1.83571e-13  2.86668e-15   8.1857e-10  5.58155e-12  8.78863e-14  1.44636e-08  2.28094e-13 -2.44203e-11 -4.92227e-15
 1.44522e-08 -2.26393e-13  5.58155e-12  3.40072e-07 -7.39007e-12    1.806e-10 -2.37164e-12 -3.62289e-10 -1.51139e-11
-2.15559e-13  1.44659e-08  8.78863e-14 -7.39007e-12  3.40515e-07  3.01417e-12  3.60751e-10 -2.59118e-12  8.88338e-10
 5.56959e-12  9.21039e-14  1.44636e-08    1.806e-10  3.01417e-12  3.40441e-07  9.15555e-12 -8.87791e-10  -1.7745e-13
-6.50943e-14  9.89545e-12  2.28094e-13 -2.37164e-12  3.60751e-10  9.15555e-12  2.44725e-09 -2.74255e-19 -1.04483e-18
-9.93775e-12  -7.1092e-14 -2.44203e-11 -3.62289e-10 -2.59118e-12 -8.87791e-10 -2.74255e-19  2.44725e-09  8.10878e-18
-3.91982e-13  2.44354e-11 -4.92227e-15 -1.51139e-11  8.88338e-10  -1.7745e-13 -1.04483e-18  8.10878e-18  2.44725e-09
Pre P jacobian gyr 16
 5.48091e-07  0.000345175  1.35498e-05
-0.000344836  5.87958e-07 -0.000848251
-1.21766e-05  0.000848133  2.94425e-08
Pre P jacobian acc 16
 -0.00361247  7.24898e-06 -1.83426e-06
-7.24882e-06  -0.00361247 -1.93031e-07
 1.83488e-06  1.87066e-07  -0.00361248
Pre V jacobian gyr 16
 2.65724e-05    0.0125836  0.000522777
   -0.012567  2.85594e-05   -0.0308394
-0.000456332    0.0308337   1.4601e-06
Pre V jacobian acc 16
  -0.0849992  0.000263931 -6.77008e-05
-0.000263923   -0.0849992 -7.47893e-06
  6.7733e-05  7.18748e-06   -0.0849998
Pre Rot jacobian acc 16
  -0.0849991 -0.000282072  7.54261e-05
 0.000282085   -0.0849992  1.09357e-05
-7.53794e-05 -1.12677e-05   -0.0849998
Pre P 17
  0.0367401
0.000563479
 -0.0149428
Pre V 17
 0.816245
0.0133682
-0.332527
Pre R 17
    0.999974  -0.00700246    0.0018421
  0.00700202     0.999975  0.000243952
 -0.00184376 -0.000231048     0.999998
Pre Cov 17
 9.71354e-10 -9.56732e-15  2.46521e-13  1.62029e-08 -2.76034e-13  7.05079e-12 -8.21945e-14 -1.18623e-11 -4.73816e-13
-9.56732e-15   9.7196e-10   3.8929e-15 -2.93901e-13  1.62202e-08  1.19618e-13  1.18087e-11 -8.97992e-14   2.9156e-11
 2.46521e-13   3.8929e-15   9.7186e-10  7.06367e-12  1.12552e-13  1.62174e-08  2.66913e-13 -2.91367e-11 -6.23996e-15
 1.62029e-08 -2.93901e-13  7.06367e-12  3.60089e-07 -9.05958e-12  2.15445e-10 -2.82111e-12 -4.07481e-10 -1.75539e-11
-2.76034e-13  1.62202e-08  1.12552e-13 -9.05958e-12  3.60617e-07  3.69533e-12  4.05643e-10 -3.08417e-12  9.99273e-10
 7.05079e-12  1.19618e-13  1.62174e-08  2.15445e-10  3.69533e-12   3.6053e-07  1.04624e-11 -9.98622e-10 -2.11443e-13
-8.21945e-14  1.18087e-11  2.66913e-13 -2.82111e-12  4.05643e-10  1.04624e-11  2.59123e-09 -2.92443e-19  -1.1094e-18
-1.18623e-11 -8.97992e-14 -2.91367e-11 -4.07481e-10 -3.08417e-12 -9.98622e-10 -2.92443e-19  2.59123e-09  8.60734e-18
-4.73816e-13   2.9156e-11 -6.23996e-15 -1.75539e-11  9.99273e-10 -2.11443e-13  -1.1094e-18  8.60734e-18  2.59123e-09
Pre P jacobian gyr 17
 6.93734e-07  0.000412022  1.63747e-05
-0.000411591  7.44591e-07  -0.00101208
-1.46372e-05   0.00101194  3.74767e-08
Pre P jacobian acc 17
    -0.00405  8.65147e-06 -2.19446e-06
-8.65126e-06     -0.00405 -2.33294e-07
 2.19527e-06  2.25729e-07  -0.00405001
Pre V jacobian gyr 17
 3.16806e-05    0.0141533  0.000607107
  -0.0141335  3.40892e-05   -0.0346896
-0.000527814    0.0346828  1.75335e-06
Pre V jacobian acc 17
  -0.0899994  0.000297025 -7.63713e-05
-0.000297015   -0.0899995 -8.62527e-06
 7.64109e-05  8.27641e-06   -0.0900001
Pre Rot jacobian acc 17
  -0.0899994 -0.000315671  8.48996e-05
 0.000315686   -0.0899994  1.21267e-05
-8.48442e-05 -1.25219e-05   -0.0900001
Pre P 18
  0.0409341
0.000632324
 -0.0166522
Pre V 18
 0.861397
0.0141704
-0.351284
Pre R 18
    0.999971  -0.00738643    0.0019223
  0.00738595     0.999973  0.000255001
 -0.00192413 -0.000240796     0.999998
Pre Cov 18
 1.14251e-09 -1.27754e-14   3.2566e-13  1.80536e-08 -3.48771e-13  8.80791e-12 -1.02479e-13 -1.40211e-11 -5.66964e-13
-1.27754e-14  1.14331e-09  5.20039e-15 -3.68779e-13  1.80752e-08  1.50161e-13   1.3955e-11 -1.11858e-13   3.4446e-11
  3.2566e-13  5.20039e-15  1.14318e-09  8.83245e-12  1.42413e-13  1.80716e-08  3.09155e-13 -3.44224e-11 -7.69404e-15
 1.80536e-08 -3.68779e-13  8.83245e-12  3.80104e-07 -1.07425e-11  2.54768e-10 -3.33113e-12  -4.5608e-10 -1.96494e-11
-3.48771e-13  1.80752e-08  1.42413e-13 -1.07425e-11  3.80728e-07  4.38859e-12  4.53937e-10 -3.63754e-12   1.1164e-09
 8.80791e-12  1.50161e-13  1.80716e-08  2.54768e-10  4.38859e-12  3.80624e-07  1.12934e-11 -1.11564e-09 -2.46915e-13
-1.02479e-13   1.3955e-11  3.09155e-13 -3.33113e-12  4.53937e-10  1.12934e-11  2.73518e-09 -3.02348e-19 -1.15695e-18
-1.40211e-11 -1.11858e-13 -3.44224e-11  -4.5608e-10 -3.63754e-12 -1.11564e-09 -3.02348e-19  2.73518e-09   8.9772e-18
-5.66964e-13   3.4446e-11 -7.69404e-15 -1.96494e-11   1.1164e-09 -2.46915e-13 -1.15695e-18   8.9772e-18  2.73518e-09
Pre P jacobian gyr 18
 8.66718e-07  0.000487007  1.95911e-05
-0.000486468  9.30781e-07  -0.00119569
-1.74212e-05    0.0011955  4.71232e-08
Pre P jacobian acc 18
 -0.00451248  1.02241e-05 -2.59933e-06
-1.02238e-05  -0.00451248 -2.79469e-07
 2.60036e-06  2.69998e-07   -0.0045125
Pre V jacobian gyr 18
 3.75149e-05    0.0158414  0.000679477
  -0.0158179  4.03885e-05   -0.0387548
-0.000585808    0.0387467  2.10537e-06
Pre V jacobian acc 18
  -0.0949992  0.000332037 -8.55815e-05
-0.000332024   -0.0949992   -9.845e-06
 8.56295e-05  9.43162e-06       -0.095
Pre Rot jacobian acc 18
  -0.0949991 -0.000351186  9.23306e-05
 0.000351203   -0.0949992  1.30614e-05
-9.22669e-05 -1.35173e-05       -0.095
Pre P 19
  0.0453541
0.000705531
 -0.0184556
Pre V 19
 0.906669
0.0151132
-0.370085
Pre R 19
    0.999968  -0.00775994   0.00201641
  0.00775941      0.99997  0.000273168
 -0.00201847 -0.000257513     0.999998
Pre Cov 19
 1.33267e-09 -1.68015e-14  4.23968e-13  2.00044e-08 -4.35331e-13   1.0878e-11 -1.26144e-13 -1.64299e-11 -6.71987e-13
-1.68015e-14  1.33371e-09  6.84273e-15 -4.62701e-13  2.00311e-08  1.88512e-13  1.63487e-11  -1.3788e-13  4.03392e-11
 4.23968e-13  6.84273e-15  1.33354e-09  1.09157e-11   1.7798e-13  2.00267e-08  3.54726e-13 -4.03101e-11 -9.66451e-15
 2.00044e-08 -4.62701e-13  1.09157e-11  4.00122e-07 -1.27953e-11  2.98717e-10 -3.89344e-12 -5.07501e-10 -2.22505e-11
-4.35331e-13  2.00311e-08   1.7798e-13 -1.27953e-11  4.00852e-07  5.23432e-12  5.05004e-10 -4.25748e-12  1.24037e-09
  1.0878e-11  1.88512e-13  2.00267e-08  2.98717e-10  5.23432e-12   4.0073e-07  1.24945e-11 -1.23948e-09 -2.93968e-13
-1.26144e-13  1.63487e-11  3.54726e-13 -3.89344e-12  5.05004e-10  1.24945e-11  2.87912e-09 -3.22041e-19 -1.23504e-18
-1.64299e-11  -1.3788e-13 -4.03101e-11 -5.07501e-10 -4.25748e-12 -1.23948e-09 -3.22041e-19  2.87912e-09   9.3993e-18
-6.71987e-13  4.03392e-11 -9.66451e-15 -2.22505e-11  1.24037e-09 -2.93968e-13 -1.23504e-18   9.3993e-18  2.87912e-09
Pre P jacobian gyr 19
 1.07055e-06  0.000570677  2.32128e-05
 -0.00057001  1.15033e-06  -0.00140022
-2.05344e-05   0.00139999  5.86231e-08
Pre P jacobian acc 19
 -0.00499997  1.19766e-05 -3.05126e-06
-1.19762e-05  -0.00499997  -3.3188e-07
 3.05255e-06  3.20165e-07  -0.00499999
Pre V jacobian gyr 19
 4.40192e-05    0.0176275   0.00076924
  -0.0175999  4.74327e-05   -0.0430574
-0.000659506    0.0430478   2.4947e-06
Pre V jacobian acc 19
  -0.0999989  0.000368968 -9.51928e-05
-0.000368953    -0.099999   -1.112e-05
 9.52499e-05  1.06356e-05   -0.0999998
Pre Rot jacobian acc 19
  -0.0999988   -0.0003876  0.000101525
 0.000387619   -0.0999989  1.47268e-05
-0.000101449 -1.52537e-05   -0.0999998
